nx,ny,nz,ox,oy,oz,ax,ay,az,Px,Py,Pz,theta1,theta2,theta3,theta4,theta5,theta6,config
-0.278082345432408,-0.840048535030158,0.465820424576355,0.954740856725621,-0.188435911865355,0.230134316472574,-0.105546698942401,0.508734081729499,0.854429358361009,-254.347416334201,332.976674010978,1502.34008025642,108.392933828305,-64.7497029145498,92.4705505594279,-45.4775656908612,4.85699849701127,-166.624522810455,1
0.925115643728195,0.10797796975552,-0.364007972133638,-0.113643258539092,0.993504170651159,0.00588835183808675,0.362279250741723,0.035919645686284,0.931377218712047,341.265464171942,-107.205660859538,1341.56915745453,-43.1496129238805,-26.3923570719109,18.6853966831812,37.0827766300401,27.0244186683031,13.760014277368,1
-0.98825727146232,0.0324069364578385,0.149322991770417,-0.146724108199883,0.0715533042343018,-0.986586114196882,-0.042656786972289,-0.996910184080076,-0.0659581943554377,-388.476728045167,-820.42182993893,847.706262163486,-126.197338945998,-9.90773124610297,88.5024059244575,67.5778586554692,36.8451643623617,-163.853674828055,1
-0.125314800255497,-0.630670320964262,-0.765866272329419,0.889824856724002,0.269943592611327,-0.36788881630759,0.438757250872319,-0.727588759577087,0.527358200603765,182.698177209022,209.190405792986,1190.75655213865,29.5860104568014,-11.7955266057393,-7.48846374434089,-77.0551954203733,60.6331696285692,-47.9179208960408,1
0.720930956103547,-0.692949368757842,-0.00892910240365452,0.264037418965704,0.262741010839437,0.928036315350321,-0.640736137514933,-0.671407725276661,0.372382690952822,-558.232709927441,265.517852908784,1183.83394188671,136.45376531894,-12.2487624218417,37.4491228827192,99.5940684761986,70.2612398124298,62.5532880820815,1
0.227548034269688,0.107407218864845,-0.967825181236632,-0.289698737748751,-0.941428415912988,-0.172589626160852,-0.929675499003164,0.31965016353395,-0.183104449716377,-510.220078777124,134.90796779045,1353.3533862148,148.47652170389,-39.808365055705,58.5560125573241,12.4492693072523,82.2397015703951,-14.1525276526697,1
-0.842556479572826,-0.469867684261098,-0.263292495177816,0.482658139373237,-0.875622235815709,0.0180781813760091,-0.239039116519893,-0.111848376976212,0.964546650681643,-45.1850713588156,-410.046889084534,1277.70677510051,-114.666314383031,-16.2021892078224,14.3134491236794,-36.193465796837,16.7870738427872,-0.301322604759243,1
0.386816762486092,0.233481277537718,-0.89210945813792,-0.487987873017289,0.872688562915125,0.0168079726676757,0.78245806791664,0.428836991404065,0.451506596580459,826.779989968947,18.9616590899041,1041.64024820471,-10.6686511622763,-11.5508895081091,67.628256706373,88.9722798073493,34.4975484671614,-67.3291512969938,1
-0.0050207445323802,0.788403888117985,-0.61513746538866,-0.379582832043246,0.567602593781705,0.730577969247848,0.925144132415252,0.23716366655271,0.296414793026437,544.139397439025,128.856597842303,1345.70114651917,-2.8416881387848,-34.5374821496241,54.7114632730624,20.5537860183329,53.6412888453974,42.6196347960449,1
-0.732381673568076,-0.535598847421885,0.420417600561598,0.083513910762609,-0.683447584178149,-0.725206747341878,0.675753291468683,-0.496017413324775,0.545274439844599,-149.618516371656,-825.361602437602,929.923440277728,-113.072770389997,-1.75530850755896,64.7674278490064,116.054099804465,65.285076662142,167.149211836509,1
-0.379692914637445,0.0073890296391371,0.92508307346698,0.181820018904763,-0.979868844158063,0.0824531926235254,0.907069331032415,0.199505514934632,0.370705783892124,683.701336815547,410.729421261356,1070.25504524291,21.5130784223127,-10.1410780789578,58.6200112714952,-23.9923467481312,21.1978962343616,-165.958512682544,1
0.204744253031257,-0.743450721952623,0.63667952289892,0.47759329419555,-0.491895857164452,-0.727971916384068,0.854391266452388,0.453121936935935,0.254354229525107,266.46474464412,635.385241092432,742.217019095698,57.8550072958324,37.6819391318284,7.26515038092433,-49.387250860179,39.4475219696365,-97.4947094017194,1
-0.379958255327079,-0.0596821925716599,0.923076248258312,0.837143304917404,-0.446677437134507,0.315706119970638,0.39347529940362,0.892702247697847,0.219681327641755,59.6224318446379,408.714293833055,1343.0034587616,61.2233022636025,-31.8534679176528,29.9380952802578,4.95581166719614,79.2178472377748,161.288107635174,1
0.65734308841381,0.719149815461177,-0.225219020148719,-0.201763162160859,0.455900777713527,0.866859912139818,0.726079672287721,-0.524383470184136,0.444781166067313,332.221751048561,-802.056590633273,951.612052713177,-79.0871919283025,-7.98920530860394,73.9231071583835,102.859439634935,39.0105516492648,-8.23163760292248,1
0.1721663098626,0.252952335213192,0.952036699848534,0.260050832792473,-0.943853433967564,0.20375048356158,0.950122269032905,0.212498967757091,-0.22828022820633,321.851795944001,570.210878474478,1171.39506689025,51.3024166063168,-16.6942701115188,45.4208188306749,-38.1072214391454,80.5008566114447,-174.342363146536,1
0.0269339737731972,0.909616337606492,0.414575300055535,-0.776714903996553,-0.242028750007698,0.581494662124543,0.629276186555959,-0.337668776360894,0.699993770332656,201.138273149099,272.142090940824,1512.2419137727,35.7320093090959,-61.7332357533956,77.802336065732,-80.4785951212053,40.5839398370332,147.9599929496,1
0.390366887767438,0.890244493685456,-0.234687951112729,0.69286397267403,-0.116212310891232,0.711641914285324,0.606261666531149,-0.440408265431117,-0.662183774668958,-268.573460746425,-703.806593379404,214.819941397333,-124.870261156205,42.8326173522096,66.8128573719092,50.4499744832852,76.3205785217844,-32.532502959505,1
-0.827482358400157,0.139508638215116,0.543884442138105,-0.13768424085327,-0.989483666768624,0.0443297080835947,0.544349149312436,-0.038202265135486,0.837988419121258,889.581175802381,-161.045356051237,753.467018585132,-19.6854707178495,0.796251246266929,86.5499062963399,169.720883999037,55.6920474846219,14.4062912560257,1
0.989543904072102,-0.144038869649694,-0.00746096131752267,0.101956900023814,0.661978596232951,0.742555808452796,-0.102017902601833,-0.735552270174928,0.669742641160941,134.556625852062,2.36629042036651,1563.16382494165,-54.4442188420653,-78.4816725190093,75.8184438629255,-41.8790013399532,49.9114731084132,87.0303663139401,1
0.391747438111265,0.647392055940838,0.653771726704326,-0.00925687153070898,0.713302533818401,-0.700795123825582,-0.920026225203785,0.268482813515026,0.285427265313478,-175.786237576633,729.809830007967,1174.07492909178,88.7230397065242,-30.2428113892776,84.5156036969378,95.3654336654382,68.412234007199,169.494574723977,1
-0.02646466127577,0.627068097910843,0.778514754058031,-0.97205177514087,-0.197874189003854,0.126337451975061,0.233270161291672,-0.753413170782503,0.614779331095648,155.039380068409,-115.25276768619,1243.0751907639,-88.3440945690824,-30.6648752353976,-9.61413585773965,12.2075514347088,91.2735404838107,-179.235994319024,1
0.493150553662554,-0.796673728433518,-0.349447423579219,0.1776601366787,-0.300994965631822,0.936930577203884,-0.851609891474742,-0.524130709926575,-0.00689867046914666,-555.549378283776,-506.403986743362,652.986183276827,-148.357374370465,39.4149003578272,17.0130629312361,-0.0573529892975679,33.9673179114979,69.5937578247917,1
-0.0096966433609129,0.439645429107892,-0.898119074383831,-0.254177236199126,0.86757707631253,0.427438825161188,0.967109046439803,0.232426145950795,0.103335274581117,444.308708449291,113.783418469141,1187.66817032139,-5.82817432395177,-10.7130216094357,7.18649128305972,19.2548454263367,87.3972291264454,26.6195707471558,1
0.938147117092766,-0.311727527030066,-0.15068488836725,0.345744362606006,0.866645936946376,0.359702176391115,0.0184613763489608,-0.38955201047621,0.920819422426159,-14.4120222280571,-286.233660687344,1524.82203590083,-125.205558970189,-58.6317609058592,61.3309378187947,42.2392710195489,20.886908257052,62.6144256162619,1
-0.823761370974474,-0.224363874733335,0.520651568138328,0.480955912483179,-0.762785536371009,0.432249506362546,0.30016431156573,0.606480896004018,0.736262391301114,139.827124937836,-35.3229495974042,1348.83951987368,-111.150413654577,-45.4872425912207,7.43517820390383,141.514399413865,5.63586003753819,174.83083679387,1
0.96773513557546,-0.0827278160351101,0.238001713915693,-0.247339888522986,-0.492131809081656,0.834643194446257,0.0480800053887581,-0.866580862322771,-0.496715131778507,-230.256919484162,-711.757416932049,1147.53470694619,-120.836203690516,-27.0591453091838,74.4390894399098,29.6558003912472,78.8686288867944,81.1122940585947,1
-0.188013791047429,-0.242275908469996,0.951815737709254,-0.711653771272823,0.701502609337181,0.0379868256938608,-0.676904516316107,-0.670221212189054,-0.304308728962369,-662.030482663304,-422.342522129231,805.609005319864,-159.342816372435,19.8889050141412,29.2488406568925,25.9148404066573,62.6940550741825,157.411917979576,1
-0.5188449704482,0.633526389589179,-0.573972307985939,-0.787530164229443,-0.615411884339985,0.0326259565661246,-0.332559975146367,0.468948319441714,0.818224502580703,-117.831002934858,612.387387856478,1326.22578893192,85.9970090894335,-32.552477526419,64.8566142035028,99.5763567953755,21.6931844717352,-63.1841258610529,1
0.964212522287765,-0.218136220319068,-0.150701032671904,0.26342337097997,0.723798553183842,0.637748996103112,-0.0300389661109776,-0.654623742155667,0.755357807082905,-241.071839466452,45.9848348130796,1237.91436204751,127.418459526496,-18.7624606868133,-5.73015614745165,108.779629043062,26.44481712467,113.50019694642,1
0.227518827989354,-0.761458622612075,0.606972774480101,0.631702374505222,0.589780242971901,0.503101754165565,-0.741071719170833,0.268961021431966,0.615201329643767,-741.348517402498,379.072895328707,877.406414771681,142.310482095053,10.7378465400686,46.4167673954277,114.522781962525,15.3110352030963,36.1670414636279,1
0.068051354059388,-0.339565967221875,-0.938117245932168,0.996743734035357,-0.0176266354752471,0.0786843719113055,-0.0432543855803973,-0.940417064725271,0.337260733708457,501.434149761327,-46.7211864302009,1149.94787281678,-15.3656746147884,-3.99695625945936,13.7895685679708,-80.8990854225335,68.4301125517164,15.0706276977802,1
-0.92586736560625,0.36455578717366,-0.0993413274701651,-0.375995133116146,-0.862903117630226,0.337677167509159,0.0373802244283428,0.349996125153165,0.936005038020339,-236.591634526253,439.232077632173,1328.97037784007,102.817556183649,-24.2583998612586,36.0419042356972,-40.2404679715019,10.1728074474301,95.6180914878285,1
-0.284411268868733,0.361535899521686,-0.887920054676953,-0.672789670644202,-0.735072717496507,-0.0837983237706306,-0.682981909873859,0.573550253551811,0.45230058305922,13.3660292378916,231.595323368359,1479.23440960061,32.6440874430999,-56.2030096094833,47.0165620014809,102.586757120625,60.7303918249634,4.66995388392222,1
-0.29277918207269,-0.953506141170143,0.0714590043008558,-0.734652533193587,0.176484557750941,-0.655086907476939,0.61201797850806,-0.244293347486741,-0.752166706493069,600.36437301645,-526.078873930623,482.338683881054,-52.7050585677241,38.8629025114764,37.1696643140582,21.3620710241289,68.4746068183416,-128.666078300213,1
0.772706925445866,-0.626474108565408,-0.102245775781567,0.4582736472531,0.439124234953247,0.772758157841162,-0.439214380002907,-0.643972124842297,0.626410912121396,243.696199498852,-144.322445016083,1494.93177529917,-50.7634250626458,-55.4192607183828,59.22262257926,-76.5385526758079,50.2313882733145,87.2099888716625,1
-0.0609283623146473,0.547336547652254,-0.834691822333109,0.728330475503661,0.596188885514622,0.337777339739427,0.682511870313086,-0.587351271721569,-0.434966700436699,31.1640794455878,-680.976262907145,1195.10529034685,-103.107486803491,-26.4632625236084,63.8491994397204,53.2588009822402,95.2930994315694,-10.6760259891781,1
0.849729612065109,0.0519120182918955,-0.524656772315522,-0.515490377362665,-0.126927771239837,-0.847442630350035,-0.110585972103959,0.990552615081576,-0.0810941399169689,-15.7901704284148,586.043037983101,1122.58464349354,75.7532059203153,-4.07187473290345,17.527707457467,20.7542017436677,82.0558686476165,-62.9836331664685,1
0.899471878249736,-0.339532151834923,-0.275078639861837,0.143791599974869,0.824419578621257,-0.547408745054933,0.412643085504361,0.452824774340247,0.790364098203572,140.073317142671,-59.3192078210286,1579.68890499375,-111.417997285045,-86.6819117125787,90.8888859089233,160.811349825787,41.7329601884783,-65.5755857213499,1
-0.256288424186886,-0.727107589913846,0.636891510633861,0.789620282082765,0.222545058459488,0.571815973088193,-0.557508792532761,0.649452268950491,0.51710317790913,-93.1384104916224,165.747560002947,1468.05059267532,37.8964356254408,-60.3652315975492,38.0310108804875,79.4933848010302,60.4026477697189,163.964556691702,1
-0.45015428164297,0.829453310745958,0.330708826630121,-0.288561888999732,0.215358496343963,-0.932926982281772,-0.84504032976859,-0.515391039255667,0.142404064968509,94.8846449462858,-92.9268577835442,1505.8239928987,-87.4914535726552,-68.7439075627533,59.8878149750849,-60.3134836262988,86.1508174828495,-117.284436185935,1
0.66739354442946,0.479063590943704,0.570161321632752,-0.498627336398801,-0.281204809186301,0.819935750340436,0.553133470556356,-0.831517847747491,0.051199928004449,617.698772939136,243.41068351839,1244.67929998858,14.0171421375156,-34.1159952151789,77.5005031553683,-77.5041370546746,74.484643633869,166.996689465636,1
0.0770241694715288,-0.989016465869212,-0.126149544417706,0.996764586333441,0.0792998666514986,-0.013110704808598,0.0229703449853254,-0.124731557308598,0.991924594847122,-231.785043916231,-528.91282856368,1284.85102945845,-128.214863231937,-20.5412388374588,43.5209781465703,162.932817358037,18.9290450692394,-121.320672039145,1
-0.471156938693674,0.437679905493847,0.765798563231678,-0.172286473850573,0.805815404413299,-0.566550002151944,-0.865059830329059,-0.398870698769825,-0.304259191502788,-778.168951758534,235.998518374373,767.060927140086,150.078977442419,18.6998106161545,38.5211888545591,54.5175985087125,72.6404112183575,170.547034145543,1
0.888919216818428,0.4547371888324,-0.0551063976659529,-0.239156011347256,0.563339847950865,0.79085562395874,0.390675092893549,-0.689827735600347,0.609516748735516,-114.697458396357,-828.394559543928,957.870835331755,-109.871063340156,-1.07729903356985,59.4900479692093,112.470933421717,40.6430217169925,2.83262231130467,1
0.295072882949255,0.362416389293607,-0.884073726857325,-0.912061960607636,0.382573331050308,-0.147582608669266,0.28473667442142,0.849877642452404,0.443433218307982,489.524472772526,745.653702212394,926.827001196431,46.3003367865853,-12.1834106860348,86.1467275829093,117.923732054865,25.5659747202977,-118.138153254383,1
-0.839157971882731,-0.128417383953338,-0.528510050731529,-0.412155563877726,-0.483899308450952,0.77199044712051,-0.354882641714548,0.865650295892788,0.353140022980166,-53.7035931576968,747.964539031546,1165.73039226526,81.241955750148,-19.3819587823588,62.1782030016211,54.1852575390112,36.5176549228634,19.5273566089439,1
0.544982493342744,-0.483880983005984,-0.684728615025755,-0.772318044682831,0.0281810068323807,-0.634610643395776,0.326372363730776,0.874679955834748,-0.358351859285968,-573.241255095753,690.878244585833,639.57680347789,123.47670716893,5.22687465752466,83.8424976691541,-64.052920984894,57.0668376125991,31.5490722134051,1
0.65874190094024,-0.362895518815124,0.659064450846456,0.712021770190584,0.583706285897975,-0.390271662535033,-0.243072225316482,0.726356533822814,0.642901298064175,100.440164751062,188.917312857199,1537.96593768148,3.93241819383741,-67.6615158168446,65.0369881106626,102.404176670056,49.3791727324986,-146.020424108449,1
0.563072983950159,-0.685412042960571,0.461691613644952,0.821449222295827,0.525308814191922,-0.221972576959086,-0.0903879966314351,0.50424297823261,0.858818391144521,-57.5740488689468,215.917335099524,1467.07280499896,59.7686555176535,-51.1339156603805,35.5696636635423,28.7033336639001,43.7271682843629,-139.753078949223,1
-0.520742313206839,0.80677376278218,0.279183701032624,-0.805875605779504,-0.572467283632327,0.151147997605467,0.28176577372972,-0.146278176283777,0.948267232323033,-215.36335732829,-612.025792202069,1314.8679993077,-123.438787013461,-41.3296178484701,89.2786507789843,156.5068515939,52.3751786860917,82.7584508590768,1
-0.0665251765928515,0.964144815305421,0.256903047858459,-0.365064640742042,-0.263140523508012,0.89302008542239,0.928602287827881,-0.0343778999882962,0.369480650417882,563.565681065083,199.92241392758,1311.65170207198,6.82463770005569,-30.0967835261665,54.2128992142273,-11.8790813480908,44.578486893974,111.242423675655,1
-0.101774525372298,-0.488044129296163,-0.866864968633981,-0.442886959256534,-0.758041396359311,0.478773832541135,-0.890782289510599,0.432650169611865,-0.138999077079958,-59.7006400004657,174.165771089174,1294.83302896279,24.9517146932768,-42.1422551114453,6.9422546672388,127.574886979281,75.7141549679307,56.3853015172288,1
0.73184779815158,-0.552961385794519,-0.39828696458821,0.643749340344118,0.752718608363679,0.137845868380444,0.223574567308532,-0.357279165979842,0.906843983499671,44.900931125092,-340.846735987139,1536.54723102308,-109.941738893737,-68.8225996931727,89.6362137767184,103.476194048804,19.9637008546252,-35.9807365243281,1
-0.740453308324369,-0.669824294746416,0.0553562314375147,-0.133150566285081,0.226921751777996,0.964768078487243,-0.658786630776202,0.706995001918311,-0.257212445991769,-235.677039328823,631.33894320784,852.738313447959,95.6092859899777,24.5568042424157,7.99635930050759,36.7398887404568,78.6708130395154,73.8281971247412,1
0.754878477655088,-0.629838665337481,-0.182925502921373,-0.0174845702271111,0.259482664079729,-0.965589476354242,0.655631583877035,0.732101087752222,0.184865420062549,185.827002624645,529.229374723746,1389.22742491287,57.1437248197802,-50.0060535721764,82.2246282659519,-11.9967012904667,47.6292798852921,-72.7982159072397,1
0.939708417216907,-0.262510766977885,0.219171594492485,0.34197271325035,0.724447669708033,-0.598523380701869,-0.00165951917403053,0.637388163582666,0.77054109229867,130.908043782228,287.897343260348,1399.07049649581,33.0463180853122,-37.3893650111322,27.2646645358121,48.3346220089594,45.7584230745322,-98.2221461427661,1
0.438457830359287,0.429615133252071,0.789421033591981,0.294383844336155,0.761247924871415,-0.577788671637677,-0.8491718808289,0.485728766041059,0.207303358992896,-675.861702621112,264.867816201059,1234.77055280213,147.274956603076,-32.8240583342181,78.3201464195955,5.36608821245417,32.6382561855358,-147.708471156079,1
0.880458859537509,0.474056673552626,-0.00790360184523948,-0.473982932730592,0.880481799447781,0.00959063716884195,0.0115054831283266,-0.00469798908217509,0.99992277339631,356.020680630401,98.5247568112132,1307.74979417016,-6.72066441959132,-20.5745448527153,14.90337826362,-1.71699508270935,6.36020609956597,36.7249764447168,1
0.117396625883004,-0.955696455638495,0.269930207482053,0.67140929828233,-0.123894185575151,-0.730657091227273,0.731729175591157,0.267010328378301,0.627118727298107,316.842735101511,-397.202553641058,1427.50037077561,-72.6117862723337,-53.9630879304242,87.5197331208929,115.836920827063,59.8259257333005,-149.971658482851,1
-0.154940900574738,-0.186270381274976,-0.970204443603906,-0.964709621551115,0.240169727442229,0.107952990264424,0.212905292127261,0.952691895147639,-0.216908942886652,475.869394243096,794.380593561834,625.338775261086,48.7398567167409,4.7625035139029,87.7177722051887,69.0107655313774,30.1000014129526,-66.4982426835307,1
0.849486529489095,-0.266222655983451,-0.455519630375783,0.51596425091525,0.599572241101719,0.611795733458258,0.110243040569634,-0.754744079235723,0.646689915542668,-155.512398278956,-8.45998617443942,1269.05588678209,110.388198375684,-32.0688584081226,-5.17809507857466,141.73276443282,14.9335229944277,82.765599150093,1
0.550976912867968,0.334664053570161,-0.764476561272137,-0.804077140806024,-0.0322775777652135,-0.593648136194177,-0.223348143309259,0.941784545011012,0.251311515173316,354.149958912872,-83.0307484846624,1133.36172910684,-41.2976753422819,-2.6683404420255,-3.40164744590753,143.548789597883,70.5264936830036,-34.1091969481729,1
0.843336203845349,0.52175520899259,-0.128668368967726,0.165628029837625,-0.0245868479948697,0.985881758953772,0.51122539355535,-0.852740868490995,-0.107152266375477,794.815013205279,183.555893855077,994.632247991558,6.7793757190656,-13.8050400256506,75.006139092079,-72.2736841079662,72.2399876229887,139.65625006782,1
0.0466965846722194,0.658511479148129,-0.751120536804908,-0.39775110699979,0.702016681180683,0.590733980929235,0.916304253979207,0.271173765645209,0.294705451197302,328.697722043555,-800.044632762075,715.25184945541,-80.5772361927475,8.51209487271629,72.0724589117633,108.099614711373,93.8821847707755,-40.7162822688977,1
-0.878222978431147,0.461257677233098,0.126355670031278,0.459259113152193,0.739664855966978,0.491911544725279,0.133437128049831,0.490038014893617,-0.861427464628878,577.572341766921,561.490900509157,714.655306986061,32.8153596804702,19.6520522760829,39.8400167080027,19.9786414537359,96.4242524300555,68.9833662870415,1
-0.634433009760367,-0.772520528576893,-0.026585504578237,0.465904130189944,-0.354727489408132,-0.810618128177599,0.616788535560085,-0.526669195212213,0.584971333670434,229.250672528714,-343.980442214586,1331.55627226495,-80.4708267643,-27.0673777992728,24.128116882469,38.6885962243664,56.4728286804487,-85.8566537052833,1
-0.756861366959735,-0.527149972668048,-0.38635964789289,0.629514923387293,-0.746904514971478,-0.214113537049648,-0.175703820210409,-0.405273428479215,0.89715194684745,184.879367528186,60.6010320810919,1383.60926341275,-18.0320528729871,-38.3261449950047,16.5072915763704,-56.1626130570302,31.9670253004962,-73.3332885590766,1
-0.45622209656608,0.563558355557667,0.68866782884493,0.883219407065081,0.192359487424697,0.427693005064748,0.108558176055316,0.803367790914502,-0.585504325289486,-162.676663932477,673.286149788673,686.672502331074,92.6408938686242,38.2379196745153,7.64479084367496,-8.48087495753385,80.5050609991468,155.662477060163,1
-0.137892447104492,0.836938286126631,-0.529641367575222,-0.405802570358302,-0.535545994500116,-0.740617824296361,-0.903498725467906,0.112804224168681,0.413479455460089,-818.885855022209,224.473050398814,1054.36118537454,154.06354110234,-24.4977450388629,92.5670190032977,101.858544391736,17.465399607623,-148.823171883659,1
0.157425502529238,0.971299797413734,-0.178308481843845,-0.98727480064343,0.158909480525526,-0.00602038317572001,0.0224873112641707,0.176987232712271,0.983956218685039,13.9426810002929,153.759795074694,1517.56264792558,9.49513820542262,-63.6231394320831,45.2167335753702,25.4233825199331,23.4517461047906,47.5122205875225,1
-0.377502036885266,-0.00231564497321912,0.926005858478138,0.427800886884387,-0.887321794570043,0.172181398710578,0.821266469136788,0.461144956244083,0.335956419796133,631.721411027275,-371.942330899598,1030.62406064004,-45.5974303202711,0.522266095122703,39.4976296843826,91.7810045980828,65.4842456438108,126.434774703362,1
0.424424454880733,-0.84613528975551,0.322364628223308,0.817581837352626,0.511124897710722,0.26516273903267,-0.389132138649966,0.151017914071686,0.90871875093405,-200.596020571192,225.291573056758,1550.72957192756,99.6611967395397,-70.3350669006333,86.1802880905982,96.6978870516151,21.1451038108095,100.044444438727,1
0.622490478197753,0.710236283491833,-0.328740058655529,-0.690227891828585,0.300219953220312,-0.658371807590711,-0.368905220747822,0.636735738984472,0.677108954899357,-333.668454602597,730.001639034262,1028.66769425589,103.688768826223,-3.31516242589786,53.2268972916697,106.975270562939,12.5451092971083,-159.562755368844,1
0.66379833941354,0.726780850110189,0.176525806909179,0.17595410400518,-0.381153715709849,0.907613352856991,0.726919471382876,-0.571411796267531,-0.38088927683876,302.365000138775,685.607989469824,301.112589052382,59.4633508459478,41.4916215553946,59.5995364542742,-66.556383494376,92.7084366516007,-155.827667351028,1
0.738365873411657,-0.336713803909673,-0.584328376204441,0.604919556273484,0.713709173293682,0.353116901881431,0.298141187055616,-0.614201131725697,0.730663261953097,334.961371706451,-743.268639817686,723.640011696903,-76.1837285928727,27.0614435702048,37.0260135450478,158.651749978781,23.1022752606563,-120.196090375899,1
0.829631129971748,-0.119584355005889,-0.545354719627168,-0.0810688929830261,0.940637575537231,-0.329588813642009,0.552394806974421,0.317648443291111,0.770687643408421,696.329875442143,-65.0585622563963,1155.83366382121,-19.143444479031,-9.94973342628772,44.8288262035809,101.518207373996,29.4143823671546,-92.7104306978354,1
-0.716393434834474,-0.356692813791182,-0.599625452358214,0.0404550540207827,-0.879226565197056,0.474683089709295,-0.696522673809144,0.315801969027295,0.644302166089983,-485.591953069562,566.122750198302,1223.69294811606,117.744079014456,-34.8771782764053,89.1647076834556,109.985916163205,29.9680463912474,-47.7978418174734,1
-0.918443907001722,-0.328192183062652,0.220795563062267,-0.374055638065017,0.539121369303769,-0.754606207761241,0.128620252383464,-0.775653298927169,-0.617914873214923,639.308103650493,-645.439230466358,698.187649978778,-52.7997454876199,-1.99528642584186,88.5495617100047,-29.095858851856,48.9135451770424,-68.1860037452019,1
-0.233113702030777,-0.907442719392494,-0.3495793371283,0.557765256052387,0.169705426422863,-0.812464145291009,0.796590183887751,-0.384379733160048,0.466579360526683,51.8866207237465,-452.268256771654,1121.85032817201,-108.015459396644,1.05221155509749,-1.5953814685074,81.9733148349547,62.262032100574,-66.1111189237107,1
-0.651680584170335,-0.0804448432769886,-0.754215515224628,0.114522376507111,-0.993395986960758,0.00700274013687645,-0.749798000460507,-0.0818110034188669,0.656589611724876,-168.893369689743,570.236028748882,1246.29376934824,88.6838898349855,-18.4526082386592,43.1850703825083,115.996662822632,56.2936211265157,-29.3738459610435,1
0.930895839758878,0.348514691414766,0.109409530607182,-0.279130396044784,0.485479047396093,0.828490384098249,0.235625035858874,-0.801777777446751,0.549211469353155,300.671610899172,-301.323260892163,1368.66056399397,-62.9829619563686,-32.7426911771969,34.830878314776,-10.9068094721414,54.6356726500538,97.9955871555386,1
-0.375819801268606,-0.502196455600975,0.778818462131095,0.528325092647701,-0.806577352046325,-0.265151978391142,0.761335716654107,0.311819972336214,0.56845072908654,226.768745726604,649.571398622666,831.84000836237,61.5317761902748,29.415511775908,11.4234217162303,-78.0479899981272,32.1526953228172,-110.155797015974,1
-0.811724420793799,0.578871190274586,-0.0775345713669388,-0.423209277582751,-0.491500162208066,0.761131721791524,0.402488971345622,0.650642555954903,0.643946342737976,277.781244124655,729.962491795363,1141.96323658012,58.8983119445342,-18.8439957339067,68.6343808866779,-76.0907979582034,0.503913523295482,159.862056314383,1
-0.712369418820352,-0.663536186071676,-0.228581584785406,0.694082318481229,-0.61792898051441,-0.369341996274649,0.103824593913366,-0.421762379562089,0.900742443146124,172.481166561018,-650.032787019706,1158.92970726971,-87.5505315000779,-7.36742254201237,38.2983347085974,138.749995979258,7.46866093811418,173.036809181103,1
0.414984833671748,0.708456285944549,0.570856618362341,0.0508678033947288,-0.644518239811686,0.762894950257138,0.908405225876771,-0.28755161181204,-0.303502909613848,517.299038680754,24.1972389615624,1331.22176423552,-12.4177701272535,-36.2947107688566,52.1401980347403,-4.90643626627003,91.882771598287,128.211074275866,1
-0.390768740679811,-0.206416756266459,-0.89704621622297,-0.552048210250721,-0.727266597048288,0.407830933570247,-0.736574887480214,0.654580338499589,0.170241051404393,187.785400158425,702.75807144348,1032.73421539266,59.5453824948123,-0.630781182802281,40.0379133862879,87.6631636643145,75.359946132134,-15.619582183896,1
-0.41493213655121,-0.902911047232976,0.112173806397478,0.753109078785803,-0.41001093222734,-0.514507289457075,0.510546802465206,-0.129006496885694,0.850117219125595,-166.388432855659,-286.838934165088,1377.76000824803,-149.11635242192,-32.0482313801502,27.439462946172,129.051868098417,28.6871012007787,-95.4939760697228,1
0.200842349967208,-0.920285733675284,0.335762592993015,0.915808476136708,0.298068968835958,0.269164865562408,-0.347788995650825,0.253434524504481,0.902670347520831,-153.992546252842,374.172857327573,1178.75708083344,89.1445601155571,-3.96394465499665,-3.05855158431214,44.58115445668,30.0541665139717,152.785416216726,1
-0.731231591890084,-0.503425942653258,-0.460285432406429,0.663567440504085,-0.681322182970695,-0.308995687502115,-0.158046230340215,-0.531377834742593,0.832261368693466,111.731290077068,118.663412271514,1233.76418743956,4.09072279525557,-23.6327773256944,-11.4193045358814,-58.4990599743854,37.4746330846291,-95.9163966106969,1
0.159866894233927,0.335873110566023,0.928241256208052,-0.667297000796555,0.729712454017953,-0.149112196613887,-0.727431982288324,-0.595574502518199,0.340783983036585,-733.770719213663,-516.185088410718,916.596196911538,-154.663297888382,-11.7336818528924,85.853031587507,108.994193653397,13.8901604804157,84.4487720069374,1
0.473829654631111,0.880574192385494,0.00863423979262665,-0.589910723096746,0.310115836326088,0.745542424571027,0.653827803911425,-0.35835354018679,0.666402238192488,33.7813842373318,-259.700184664526,1307.67039985797,-126.443383718682,-28.673824964355,6.12596833010291,77.5536284624621,49.1673091693334,120.80976279162,1
0.211717845511765,0.742267558840681,0.635778597457128,-0.230437018894292,-0.594271636926368,0.770545262699062,0.949775938953482,-0.309645107562757,0.0452280128623889,67.5387222904947,232.224900305898,1160.59755039319,52.8628411133862,-14.5703381572124,-11.87008636642,-71.6831906046399,96.0218617178954,104.493138154854,1
0.543707150308621,0.837938322113556,0.0473487384921383,-0.679010282994075,0.406023794124234,0.611628738854926,0.493282444742953,-0.364697198972627,0.789726777290688,182.71709123861,-554.246996705022,1391.908672943,-88.3801713665248,-49.2217250384851,88.1943453742396,112.749295674712,31.567429746543,23.4313544588704,1
0.982704945256287,-0.00830524332196922,-0.184991928208235,-0.18122542850435,-0.248442121281531,-0.951542882079703,-0.0380569918970548,0.968611137302528,-0.245650422473179,-243.207922549915,500.094941760587,888.709794630341,102.411540659811,26.1083952342205,-10.1706450545704,-9.85032423889194,88.5218397039724,-76.2205261704027,1
0.84038909535851,0.372388595316629,0.393792969059395,-0.18371324481453,0.879287760165168,-0.439434270970572,-0.509897648633746,0.296950785319436,0.807356562502558,-28.1309465812747,-354.772570355493,1251.24833066412,-111.98101541085,-14.4671850951532,7.32884281696612,-88.3844016635771,35.7474014678689,-144.0170861061,1
0.437659952245006,0.470196569826197,0.766399994731587,-0.677685374920634,-0.387689665535736,0.62485138701572,0.590928336450012,-0.792850495970374,0.14896909820481,73.9946558290556,-824.242656298206,613.159314890645,-97.328490795377,31.8735081715533,38.9652887392665,82.321752096706,43.904061692708,69.6016325495994,1
0.910556790980141,0.25919753135458,0.322029455391334,-0.0920179085908269,-0.632375674610518,0.769177294685343,0.403012450053987,-0.730012086133226,-0.551963150220102,820.629587313206,-106.407619593719,931.08900548227,-14.7193261723191,-6.67381613459452,65.6018743129024,-38.1071429425448,78.0033109705158,152.055768069888,1
-0.888270955124078,-0.438633248299202,-0.136292273329958,0.166610910745086,-0.0311776449935661,-0.985529684420185,0.428036814659266,-0.898125173870071,0.10077528147916,170.775626115394,-786.487196724965,581.192463536978,-89.4638149175791,38.1164157324643,31.3908849730889,62.1811471845509,28.3233066612946,-138.503118122594,1
0.432090068272921,0.441838966618099,0.786178415169071,-0.751360801696459,0.65849742869474,0.0428728594389246,-0.498753564973682,-0.609228581059905,0.616510679101164,-30.0566651707225,-298.436100205,1224.46115128855,-122.353630684981,-17.3299521886022,-5.77927725225486,-5.66463031490341,74.9126674075526,174.058258180758,1
-0.0610256609854143,0.903267990464944,-0.424714970424537,-0.448851832005132,0.355222938347165,0.819968717072574,0.891519995068495,0.240673225501775,0.383755777701968,-53.0404986560003,114.170868385343,1472.90342016389,60.2301491232896,-61.8923911349993,41.7917471021541,-41.3413478616009,82.1570887353482,48.38646080402,1
0.63022054289685,-0.490218657494857,-0.602086152601718,-0.539869611958929,0.280635010286737,-0.793589814126087,0.557998986911369,0.825184621066888,-0.0877922078580049,248.275069515936,397.815820933056,1424.9314874127,38.5320998075039,-53.1753492930892,73.3049258243749,17.8930669584553,75.8360550761966,-58.9060429847513,1
-0.103220710299494,0.481186581292887,0.870519935985921,-0.423887946777719,-0.813021865780816,0.399142148036073,0.899813588218047,-0.327803172263394,0.287889886436148,628.787665499885,26.5911740073467,1211.95969411068,-9.48143078604525,-15.7733680522849,38.3595868206809,-12.9951566533661,51.1398233115831,160.54226779887,1
-0.475624211402418,-0.847933422872084,-0.23407374885762,0.513519762566708,-0.0515988902347992,-0.856524960511933,0.714198195868108,-0.52758550482644,0.459972251462815,117.608546799792,257.954781378903,1306.45408667921,47.0114140306833,-26.7112754756917,12.9369791026987,-76.7534008259198,64.9959002598533,-89.8454610647571,1
0.886095987117194,-0.269509243504256,0.377092388255942,0.0277489752680907,-0.781267395101595,-0.623579386864847,0.462670396704152,0.563015119705441,-0.684799298332505,-251.380739792837,789.951686930123,900.157241808133,100.140941052817,-4.66042776939226,64.9062651523715,-33.776791601196,85.9528055453134,-79.6842669111518,1
0.705369684358593,0.623888113506696,0.336477681597033,0.131466972260541,0.351307582955401,-0.926984043747615,-0.696541487344799,0.698102144376516,0.165781037589965,-169.48232700322,658.307089591356,1260.29301165523,89.1122976410114,-31.4571259359184,69.2308754646858,58.0170727879349,56.4958949776295,-141.743118432138,1
-0.932610856317982,-0.357649477993993,0.0482062399328514,0.0921333374219907,-0.106809312345028,0.990001625721831,-0.34892468931465,0.92772766569021,0.132562964283651,94.5097611196439,836.923224221132,986.171886054483,71.5665464929461,-7.49130990596377,64.7619513798812,63.9878589379444,44.0072605736768,43.0805251031748,1
0.481797591117736,-0.82379408658554,0.29872124815594,0.847482613204445,0.351373389791661,-0.397881843343576,0.222810012138843,0.444859577679309,0.867442018026378,451.628148555216,-249.39447182031,1177.65322893538,-47.669465292908,-3.96946701291172,15.6927966462749,127.116763739163,35.6087912297374,-145.903243089532,1
-0.746378136053397,0.354982336802625,0.562945129279581,-0.24604909985671,0.638753577079048,-0.729008716153945,-0.618368432636369,-0.682628309057622,-0.389408619822382,-486.475497236824,-420.368735016708,712.738190164549,-153.44903627948,41.8018513058943,-3.33566705103863,20.0813358551296,76.7617673245596,-141.083808892613,1
-0.157547969102227,0.444922237164349,0.881602427576305,-0.90103741536136,0.300571090927835,-0.312711680973658,-0.404116584107462,-0.843623862971598,0.353537217664837,-8.96369300061644,-584.438125809155,1200.06332056923,-103.600215458662,-11.576103603932,27.0260576184112,-13.8631486631724,54.2313947702927,-156.55729270783,1
0.827152008916175,-0.0968318397798592,0.55357307462591,0.514890774168618,-0.264121811120386,-0.815553284320852,0.225182248016971,0.959616206457214,-0.168611065718383,-132.50884134785,454.974005835815,1005.87278014353,90.7889114124703,11.7926363475753,-11.7460543529916,-13.9930047705685,99.661873803275,-124.15605540304,1
-0.435037428723947,-0.8493114456382,0.299019236700933,-0.892597175380377,0.363126827186549,-0.267224979895974,0.118375327295135,-0.383156594208402,-0.916066758594802,173.967697083248,-872.167895195432,521.7473858033,-88.1476563169786,11.305956112609,83.2006748244528,6.84195302303611,62.7698205736202,-155.440090515325,1
0.420971131387576,0.713243104188377,-0.560417327414127,-0.885593409710689,0.189516403736847,-0.424037551864983,-0.19623358330128,0.674809459805048,0.711424327488426,-272.445524868606,369.793185886626,1463.56680234272,108.919375249256,-51.9471066526719,72.4676491656432,-4.64675282657083,24.166981393853,-34.7969019820159,1
-0.523958272844107,-0.385790580778769,-0.759363783769413,0.719414733113688,0.276824447139828,-0.637032705003982,0.455971676858532,-0.880076049695768,0.132498968504324,-16.9045842212444,-775.484539414471,993.35854317778,-104.443144577783,1.81647212005553,41.5768138702059,56.015747378165,52.8678476371307,-75.0736722382457,1
0.198144606129086,-0.39710661028809,0.896127811825664,0.712461744888004,0.686234639947642,0.146561526353511,-0.673154497224144,0.609416408542987,0.418896960916974,-420.497336097536,784.093117578831,901.950550316054,107.474806373811,-5.74749753179517,76.2592132089562,106.218102865335,28.5623406059409,76.1798221849962,1
0.481752331814777,0.875698057397204,-0.032674195656326,-0.348586968705596,0.225712576722938,0.909692782184038,0.803991179080759,-0.4268568202335,0.413994491485667,-49.6545027478689,-638.946033805754,1285.63811602645,-111.767190247385,-32.5749588279009,69.3732461095459,100.595877078767,67.0224233467118,47.6407596305441,1
0.680214363622016,-0.730054364207852,-0.0657954772257565,-0.6777002700865,-0.592140777102469,-0.435995004578228,0.27933987085087,0.341159677267923,-0.897540701672891,278.767904270159,721.197262016359,669.517098908188,58.7195856796064,27.5966994996718,30.0194043357434,-3.55374226804517,96.4310260174372,-74.6004241947542,1
-0.655444460588762,0.678453605752186,0.331803049903651,-0.754461331325398,-0.608180069366444,-0.246789592082273,0.0343607132960711,-0.412089441829422,0.910495268145036,146.515632653299,-10.4193515180513,1511.60387591902,-69.1712955168989,-63.1160029788588,44.6746093304305,-9.76232490877607,42.4356657763917,-150.811652307356,1
0.175335910346893,-0.745712180335784,-0.642783527045986,-0.197001556082741,0.613118089022266,-0.76503372201143,0.964597172628971,0.260767239147358,-0.0394048416271364,453.523608101842,481.226161040777,1226.92083469647,36.3031019574665,-24.0374328675225,54.8016660045999,-23.7375660162266,63.721251825191,-38.0710170701708,1
-0.244357200623852,-0.0439310436205623,0.968689641685965,0.535779224508017,-0.838754629974417,0.0971148458376314,0.808226565443665,0.542734496879355,0.228493073873697,98.538124189222,-241.232107882142,1192.44034792832,-109.283796732456,-15.2414963165244,-6.29778710580827,137.676840645319,60.0918645318659,-171.015621492133,1
-0.155840257527118,0.965474837888032,-0.208739434556481,0.581629585811647,-0.0811127455911054,-0.809399621578393,-0.798386397080044,-0.247546076332772,-0.548908098910733,-548.307965105354,-715.550689243841,670.767386529463,-134.961976478768,7.37546797454151,73.9271458639998,-30.7933160683493,49.6224037722858,-38.2801646782046,1
0.725833857852371,-0.650128656681286,0.224717468295037,-0.0269228408761814,0.299585590129847,0.953689485537985,-0.687342979475531,-0.698270151122284,0.19994605426805,-722.843761119302,440.125132783807,504.378061887447,135.337906109049,24.9961273153448,67.206251010563,101.52133145064,90.5518022636799,11.1235270822389,1
0.0954781943549121,0.977359082606737,-0.188820385681319,-0.266604145507677,0.207864540916199,0.941124095020322,0.959065244913425,-0.039516531677443,0.280414514109627,716.133136008419,-110.815015759661,1240.26677804354,-21.3360233840615,-33.1866166475754,78.8630270933592,35.7478968252427,32.2948863798896,52.8429620883768,1
0.193462696747735,0.138552011645876,0.971275205611661,-0.228650949144249,0.969085240752791,-0.0926959525035474,-0.95409167715819,-0.204149788694446,0.219161893023137,-624.039065737602,164.620579251225,1212.48013698437,149.291111034049,-17.5425129109939,43.167723114597,50.2690021813224,59.5169252470531,165.520546696904,1
